Contig length	Number of contigs in this category
0	0
100	0
200	377
300	248
400	182
500	131
600	104
700	105
800	76
900	57
1000	58
1100	60
1200	48
1300	43
1400	32
1500	24
1600	24
1700	21
1800	17
1900	24
2000	8
2100	17
2200	7
2300	11
2400	4
2500	16
2600	7
2700	6
2800	5
2900	3
3000	5
3100	3
3200	5
3300	4
3400	2
3500	1
3600	3
3700	0
3800	3
3900	4
4000	0
4100	0
4200	0
4300	2
4400	2
4500	1
4600	2
4700	2
4800	0
4900	0
5000	1
5100	0
5200	1
5300	0
*******************************
Contig Count:1756
Max contig length:5237
Min contig length:200
Total contig length:1439572
Average contig legth:771.8018223234624
Mean Depth Coverage:41.7750569476082
N50:1188
