Contig length	Number of contigs in this category
0	0
100	0
200	557
300	465
400	317
500	213
600	169
700	123
800	88
900	61
1000	49
1100	34
1200	37
1300	28
1400	18
1500	20
1600	13
1700	13
1800	15
1900	6
2000	6
2100	4
2200	6
2300	5
2400	1
2500	3
2600	1
2700	1
2800	2
2900	2
3000	0
3100	1
3200	0
3300	0
3400	0
3500	0
3600	0
3700	1
3800	1
3900	0
4000	1
4100	0
*******************************
Contig Count:2261
Max contig length:4077
Min contig length:218
Total contig length:1297338
Average contig legth:525.7894736842105
Mean Depth Coverage:73.55417956656346
N50:677
